16 256
697
256 8
1963876068 2948934384 2132298605 408640939 3054614324 1881117345 2610710094 1981006951
0
12373358323008427116
3383549952 3707985227 3452873642 55522864 4128455748 202597290 3347580513 3678191416
1261575152 2053479606 2797121928 2623709882 383472700 16551768 1999274961 2209556934
2119259400 2302830845 2143288592 3961751110 1682771197 3808488962 7990326 1838061236
2362686048 3890230360 4233825147 1118444498 170175311 1801570447 2466251033 1401767980
3666302556 3109568211 3716401506 1979187414 1703957965 1679621190 2322324758 2443020155
3837698064 3418834065 3623086624 3788467841 1353929916 21432510 3471104511 2132545329
314391060 3428728198 2037439245 3930788856 601697103 389081232 2490563525 1935011305
2656197172 1801583649 314114596 3618876935 71600502 509867298 581570690 3872660453
1 0 1 1 1 0 0 1
0 0 1 1 0 0 0 1

1012
256 8
3427098344 1114157569 2922791024 4294548214 1217708713 738411477 3986681526 3759200112
0
6063281076286731090
2208376952 1887237613 3823772861 3774831004 2474286492 2376434552 3726239382 1837039713
1224718212 3367980910 2813967841 3229916187 2613254993 3512151255 4024504933 1499138684
38347696 2765571281 665954331 879370221 2413576999 2600756118 4217802160 127945144
2481755832 4016224440 1853759814 225369055 1150044935 2534906760 497101681 3843971893
2734737836 2443501094 3416248699 1000200075 608697807 183277363 2931953924 3625596955
3688633276 4074734843 2202832789 3774731602 1399322398 1458903307 2791230783 3533983669
1856673824 237238248 2268198636 1867278800 2135405968 879845009 1537434885 397832263
69653048 2325679426 696810314 30473634 1437032355 1869699053 1509429604 1795269215
0 1 0 0 0 1 1 0
0 1 1 0 1 1 1 1

745
256 8
4190859163 2790233682 1620618962 3579904320 1189073778 1377809878 3997387041 1631762582
1
9534774186095445078
1276107692 2063508547 1955351796 2681851573 3516718860 918076796 3652095374 339759618
3495489248 3634701426 2298495321 2166175319 2355084900 2891801254 2296529175 3159769723
1224724696 2540387617 1348419181 3747629329 415595357 605404867 3497433588 2400703939
1497756356 2144241439 3335128367 1498984087 3158747482 1128061301 3270896851 94836596
3673743772 3622102634 528543602 2400264812 911515064 2843758589 3856861127 2276843696
1754712952 2207326020 4006508824 4094448557 1048857976 1879967151 1994384012 4046809251
2154935536 577132244 821203121 4193405584 2775917332 270112597 3951927763 2165847575
1884978316 1496286078 182743588 1118781207 4063468437 1338579382 240761206 4146823975
1 1 1 0 0 0 1 0
0 1 0 1 0 1 1 1

772
256 8
281353796 3790357523 1502445495 330472022 3205419570 34053067 828487375 704677226
0
5675435010237796043
2277274208 975850922 3236876848 45788475 1830127456 1186997890 2068841348 2552576685
796441184 4239126836 2989271329 55794101 2332409233 1411992922 3709525436 3014469232
2208801380 16233546 3501824421 1555724734 3799527862 1719910992 4233440227 1452824964
2234398204 827339201 3084736996 3686598389 463996834 4273673071 3056053693 2774531102
204915008 3077171136 435782090 693507873 2969295871 3558643281 1070781747 1270325149
639145752 464786887 2121486310 1624767153 785293139 527327632 1810937349 4176430557
2854388172 4165299943 731433331 89666217 1375001445 4222350354 2070948328 2697833617
288368568 3519747839 1856850839 404058725 2585868144 870656514 2891642183 4206858459
1 0 0 0 0 0 1 1
1 1 0 1 0 0 0 0

185
256 8
3553485386 2922409901 2162886253 3571601408 3024149666 2801893832 3817887298 673179717
0
3254442796104676711
2736380584 1818345606 1445983872 2722990273 4117926271 47613702 3507731925 3779623398
1878703776 3245184958 3652855255 2804389004 3283721929 98094023 225074282 4240087427
3220860084 1857915479 3294197757 3674757154 4250549818 3400919705 3593347337 230789098
2078556012 357609803 3271046813 3155656667 1673918396 1612826805 800601836 2881319416
4237142744 1993559376 285873909 3078237510 2227581219 1971750559 273927870 751592487
947716180 2726133511 2223786705 2519725533 3570882434 4214316287 2709037108 3431122318
3300409780 145726403 1326205519 3884392658 1598808568 1597968049 4051248106 570998570
1798123560 488548628 924389628 2016831625 2230303149 3423562934 1119830707 3317431762
1 0 0 0 1 0 0 1
0 1 1 0 0 1 1 0

24
256 8
3563464455 2919719328 2895264341 436187028 3719188317 2848012055 917855228 630040100
1
4016298769640544904
1589348284 2233319731 320920768 1703381529 730393538 3883046619 575622546 4124638767
3314992260 1791514312 2267139661 1537634650 2358899132 1853042350 2181565500 3310084236
4208230092 2210911863 3691556587 1739828913 1245850020 1719036539 3987051317 3728606403
157880716 3365548831 1971499031 1935757084 1508002888 2477200628 2880295288 3962976236
615341832 1587451242 1710751551 3054906431 2643257223 3695922780 1127998540 2570373804
122726884 2397700705 2917924528 4052156055 207420481 3615382089 1005607610 3241299550
3854468724 3889381839 3640485223 3226157203 2210898823 3235958888 3830400725 875511162
1040869760 3046428284 309867953 1990047939 2963162843 3044315972 395789674 2885459217
0 0 0 1 1 1 0 0
1 0 1 1 0 0 1 0

164
256 8
2230403841 4062303086 747886888 3985352676 4148183673 3668431793 2625996160 3027263146
1
1600399812832786490
3176218684 3116022184 1225568196 3001332064 266688683 2310743310 100135837 696836224
15118844 2428126032 2341618910 846679527 1490125773 695076022 660694225 2085956106
2849207604 4028281818 4289538892 1561770158 4203421124 3482507027 3938428006 3728421145
4165081056 845884221 3524710859 2138575582 4202267540 3386250941 1208412371 2815514618
4249653680 863580034 3008038156 388467477 1899299343 3214125581 186740683 2651600046
3340251548 1352226852 551037941 3740922754 1021062333 2465522675 1290659658 3218588746
2656813496 4082260729 2511580512 1223437051 2937452845 403450790 1890826959 1341980203
2860243776 3479403966 3748005846 2694393144 650103078 3170424788 1519585305 2586095306
1 0 1 1 1 0 0 0
1 1 0 1 0 1 1 0

851
256 8
3605096029 4270654146 3569811328 1120123243 2421270174 456259181 54646662 3242002384
1
10746474585212581039
1763170796 2305672879 58600833 2043991560 3613953608 760771855 523034416 3404414579
521623124 695380100 3312358220 1817161075 3458092585 803113657 963349782 2162698889
1474322672 1875332193 3846244392 2084071175 1956177520 2315993152 201951539 2401941955
1702625584 3582144526 357629814 3936652252 3240038116 481051799 4036627267 715572511
2237761976 3046055470 1175030072 3801379022 2254532255 254360008 4177635054 2903711583
1619287816 53577738 1759689722 3651189244 596225796 1693972626 1761113817 1999345201
2864844604 432364745 563577590 197281771 2677419395 2753588620 2072102342 1001829288
726698620 1140920051 1825489311 236410131 3695048710 2531356892 2350649428 1057067311
0 1 1 0 0 0 0 0
1 0 0 0 0 0 0 1

305
256 8
2677647864 3424689146 3433592213 3185800873 1862588841 3994010464 698736509 2365075131
0
17951712068562901240
2162848480 2803195391 3454799243 712696720 4265892861 354116165 3642468400 3026543091
1115355480 774012947 2337244568 1210281062 3999263940 1217206053 814986042 2819442546
3565894168 3292282145 3691778784 648310298 2064015907 747634521 2087534831 2060456904
915187416 873039618 1271065898 167990597 3110783875 1958278891 3314017613 986003313
1809167308 2200740392 978482548 4019735694 3223444936 3341989300 1371886931 4211116322
2622707568 1766607258 4122990213 3725346217 3519150013 842257213 2438021256 3291821682
227436752 1867849831 1092132766 1846293120 3258941763 3176355285 3326479712 3601424340
1731884720 804644715 1499335147 2010404944 3225432902 1005077074 552079019 4228488510
0 0 0 0 0 1 0 0
0 1 0 0 0 1 0 0

247
256 8
2844672397 1591783591 2465490180 1920298042 3877100636 1191123444 956069645 3530649346
1
9629129908356635597
296842896 808736345 2384991519 267292959 3326626556 1911960963 1776225394 3007033184
313194660 3016899772 3418746814 3911892796 2361829981 597823664 4023481925 3157927421
713541776 3548869635 2184780427 732644786 275162140 1749860875 3705915939 1207113506
3628930880 2132146231 1655722242 2886939311 4168003383 966410898 2928307632 1572335885
1875115848 4103127330 1379929660 1165915101 3463670624 1319299432 2866148981 3127922182
2329635656 2151362808 2093269364 2966653696 2060306021 3561048964 3871810879 1356392299
175439412 2084353340 852375228 824055400 902475238 212262048 3241982978 4224802347
3829590440 2004663555 3512730568 2301589261 2752682086 3504684084 234085414 300388600
0 1 0 1 0 0 1 0
0 0 1 1 0 1 1 1

816
256 8
754113709 1742537757 2203976295 2380440030 3668053884 3865711062 930147708 1594000749
1
4228576096734979894
3555022296 2037936899 1804567948 3939355991 2839010307 2053586069 108589934 665037831
3377321728 2447365025 3861904209 3156288863 1414683042 2791408763 1260114123 2084663980
1727361816 377916292 594470376 2713563655 1541643294 2655340526 528424683 3366530069
1301932776 3356376667 2032849914 3319545518 3288258032 1980414410 718852220 1533532411
1979994068 1066576643 811087170 2757479340 3929775375 2388522463 4142121224 3426923401
3110443212 3952477721 2589865730 2646317332 274332076 381432131 1312061065 1625627720
59673596 3934775164 3316556535 2366497412 402237069 2446349024 1970380313 4289928685
3936352364 3282075780 235297540 520363294 3599422076 215746991 1068187286 2596953736
0 1 1 0 1 0 1 0
1 0 1 0 1 0 1 1

539
256 8
2957839296 4077857589 1819655045 237541252 2926042000 3989741446 3296780302 1113287710
0
16519905011195014552
724970192 2136227293 3003541798 3345669726 2521751953 1275973806 75881593 1148306441
3667405444 1052486228 330770135 2245766844 889035815 3855043385 825578248 1889603636
704398236 1137243113 2554857825 542767271 3876518190 446372608 3006839067 103031250
3177889284 3272534194 756619407 4131233473 2250868232 2745157834 860864881 4187857743
836180624 4201338004 3436300992 110780023 976155462 1298677459 283131351 3765882097
2558924472 2767838271 3239931114 1316775445 4122054106 2353750428 3240093731 3128249135
1514656420 3888909188 3758998389 2736212185 1803010654 3450879441 102006430 2611931696
71329856 4148130374 1725367224 1283789187 2889745267 2031357162 1297894286 262988822
0 1 0 1 1 1 0 1
0 0 0 1 1 0 0 0

249
256 8
1138372834 542913428 4121747410 919454923 3628956067 102320814 685412383 3977426539
0
16348710446414275516
4030691412 3166002298 584441212 4054821009 2282350835 1137922721 434607550 3877520879
2479076948 518364191 3861545596 3940094790 2977516868 1126027535 3784671918 3359311170
1915165024 1476964963 380730771 1022825951 2603791975 3099589462 3681972365 3195418248
2547748464 2025122525 4181547671 3979112888 1248925498 437051239 758822911 4028891907
3949396900 3738802957 1934838583 709413108 2215386476 478209461 354542413 2513506281
34420692 2695478038 1328891653 430973355 1664015211 3837948157 2213967134 1691912449
4204470576 4009817745 799739011 2430415656 2110632352 1191076923 1204562409 1879277809
2512910268 612042572 1635719830 2937919782 1196814559 1227932264 3792282776 1874026286
1 1 1 0 1 0 1 1
0 0 1 1 1 0 1 1

668
256 8
3432912748 1876747515 2615419721 4205972462 1042061604 201535066 1766073851 3846417728
0
11966899726164545062
495386864 2210916711 3629503870 2021115113 1757711046 1440360841 2902472633 3457581781
989134244 3710880875 1930757186 2683173557 2340936081 2028447696 679902287 991051480
1752042328 812542044 2970922692 669645935 3435143762 452082245 2923781585 3693091567
2335237252 4262520248 4041863716 3733147945 3744279317 940716111 2840766541 4102075493
1304736820 3480807233 1750348372 2240130263 4197841446 2702680089 1414422811 1397270972
3821917488 806270003 220931626 3188263983 2596591655 2255867620 2724901775 2253209954
1457288236 1149417109 1038971262 2704241933 3923299678 636153672 1314775586 1155226427
457473504 525031274 779167786 2825236366 1803318471 2650318873 676883173 3939443387
0 1 0 1 1 1 1 1
0 1 0 1 0 0 1 1

1011
256 8
1231477659 4005104046 632026114 1041168494 2146891736 686569128 1160417382 308375774
1
6252059168414753102
1603476596 1993219190 1886093631 2775720215 1070988314 4068000203 1945736490 505268536
3246746396 3305468185 1716039438 4167605950 204322120 191369358 2651198434 2619010876
543925408 745880487 392540058 2669698760 3460645466 3892619392 2726648575 3955418543
2820280780 1196658467 2475773433 640926015 2907310949 2882319964 3171967732 1176928767
3425872372 2408565182 2684649050 1448794246 2030251633 156894320 4030444371 1164368475
3134736484 3620674584 1126848977 1549367346 1561655441 2889511564 288825054 2127027933
487618600 2208376548 101538477 2009104641 1333198826 170239850 952247748 3036859204
481385156 2013671236 4291103600 454270569 2451312370 166967337 1315161067 4232392125
0 0 0 0 1 0 0 1
0 0 1 0 1 0 1 0

527
256 8
3589189377 1816040744 310575516 419932888 3462473538 1015241333 4201984431 3277431156
1
14823251575834640301
4073386528 3154359059 3433678806 1056782005 2167436231 161028803 1653831793 1740793249
1516575432 233538466 951673974 4087639001 447182318 2323488106 2428734981 1754786464
79450136 1190868317 340154858 1600028052 2025214459 1495218955 3314411984 480944057
1274391976 3151905955 353305514 3591710189 1170731308 2400916947 328236079 2107460352
4153536008 2053129254 1484707459 2495740312 2156298959 930785781 1063429702 3316744528
2928660548 3532478633 579314802 782402451 2969781441 3197629383 2062759459 2052486945
1896393152 3710424803 990300102 2419731277 1190798976 3987526154 1969670983 2863293729
3678256936 3634501454 940648192 1423835745 2724737632 737994434 3939709073 126666182
0 1 1 0 0 1 1 0
0 1 1 1 1 1 1 1

