816403129
1739816759
3342894691
3810809110
512415063
2303071964
1957295584
389076616
602611055
4040693894
2913787864
1586029179
109943268
1930345825
2803798556
1963948538
3907234036
3789903225
2777107166
2628512016
273582936
596694714
3213682808
1675457769
1938537017
2950583309
139202109
2835389960
623693338
1197072518
3695496494
14625753
1389550926
2910716742
4287794615
1596310779
2036983032
207821504
2833739883
2788226301
2986404709
1202529410
2138051343
2073059138
3211027201
1935007373
756388902
909948068
65524950
4171460625
3160067342
1532639546
803072647
3756080948
754542691
1664533307
2905682384
3055679293
2304246306
3894079644
3702299230
2080118532
4104161290
2947646718
3977135146
3143015048
543072995
825215173
601589127
466722758
366480571
1465430977
3875971298
3103107521
3888149213
3686087404
2342805765
2478720999
2596115354
126235095
3510938639
623433355
1877865020
3994387009
1437413382
334711898
4056659218
1539829461
1349673493
807766806
4243671536
2023165798
1088413974
1446150803
2849458979
1933132968
3126300278
3166455323
1042797863
1578998531
541178611
4159874746
1648157942
3548559791
1276449816
2081102436
248872108
532978862
3818348297
2724407909
1921026495
670906512
1868899823
3866555922
551166993
288620137
1558460603
3107037518
432247099
2608924710
3859028299
2988881128
1735029281
2722424575
4137510705
1506569247
2148963664
3547390982
322028197
4289015292
1285041675
3094544842
2572107483
2928449393
1677936010
2670161926
1443757563
3804073005
3179853535
3708279065
1167226130
424439404
4252808812
3186583448
3087327901
3949297507
163383601
3435940772
706222468
3124753091
2931849402
3216678518
2207022334
719032893
337482855
3363512370
378439745
2754682283
385617509
2841017704
3950543812
3870635470
1542697475
311417980
3832205139
415779772
3013438997
3248855172
1413469175
2204606850
1786219702
1216976280
788523178
2830047698
1392263352
3164686412
237370283
1101440477
2034113285
2914774865
656550587
3380528123
4036541125
3528558249
2703957660
1943537798
1695715802
450383092
1036882823
1307573486
1889919290
2541985008
3618431927
2968672242
2720450501
531912880
3814368442
675677322
1664889530
1752759309
2163147363
2687222579
2231881679
3965384392
3588284525
590321329
801693521
428600005
2620757649
1180912025
3204495887
3146832468
1637378579
2623734493
2968432928
3136118239
2343940217
1476291435
237436266
3716719373
2819893798
2336064236
529163661
118282106
2520670792
2921155307
897221132
4284031924
3726209552
114078526
3370172851
3928265445
3491339439
3418905111
912440053
3987271778
3636799582
540774207
2338375942
792381464
3226739522
21526086
1791828150
4055951841
1168644584
3170085085
3628602842
1570695358
382499507
2434567271
3952791034
30874466
127015037
1552938128
3271551785
2997447621
4268585018
1615242183
2928648534
2008797655
2042751761
2247001943
2071546589
4176909033
82090956
2916024878
1446647793
3350591199
1963427521
3583746434
2827237760
802282726
1149254162
2358812388
654846560
4193779983
1758154906
98144467
1766991964
446395939
3467089891
1557074492
1218438455
1615476988
3027637213
1206192281
172732914
3838928500
2056021739
791342511
2070622945
4223070177
1349653837
2242285998
1214110057
1042618054
1268948870
797538918
3017023131
740632047
3930630596
1887607065
1800517691
4058588807
2754722257
3324472742
1168267285
2367559656
1286873751
2107372784
2890407193
1095249139
3249220976
260274628
2395704115
1960478048
2332031662
151005773
813409597
1580346569
4142696038
3324928272
2635800818
1812483692
437652412
752120084
2105533767
382334837
3501361447
155212936
23469999
36637908
4277117082
2863070399
1655179570
3023992137
1031742959
4019979439
485115314
281229409
2142063856
2000881830
2498112974
1064637145
1248341245
1132577826
3926139921
2216431409
174626608
2311270799
3812140232
1935347717
2137192494
103059704
430107400
3024930313
771565831
995166270
1778499486
1054042788
556721685
2353940877
182124036
2966333834
554667479
3058297661
1132695139
3611935404
1534816741
2431534894
2528516374
1384094931
3221806667
3495327208
4194443773
2354732392
1685154266
420339221
3694354043
3326833747
3202114743
1828065363
3847201082
1037747064
3869605427
1702515893
4176999658
1975892491
3628554297
1119774530
1625087993
1825348602
1949566107
3684817592
1693904423
2106707559
3684932881
2126366975
1952194611
2328658208
3272463298
2766447907
1493134601
388647276
1164037568
2831963652
3679808930
1022030247
1673753224
840735629
2334859659
4182089879
869427324
3192177622
3696909557
2371212233
2487103216
4209600450
3903013876
1531401335
981386657
264054838
2659428150
215593190
322908471
43294237
964140759
213211254
4252874868
2022432587
2143729912
1096079082
2909272175
2737207019
921455602
2166872097
3640510055
446253472
4075042352
1341884118
234421846
4282207323
480505555
798703916
2689137635
3712859223
3216118721
2686222244
3512829983
1599145449
1514614180
709741993
3030537989
638510244
1164503751
2197219995
4013523532
2569770188
4102565686
1025196952
3122838482
4257735060
3748182139
3341993802
1501466286
3163859860
262435183
3176802115
600131056
1704943667
3384674439
915261017
2409680113
505705097
1631315672
54584526
3276696466
3615926050
1588087742
325315686
3478318804
2702283831
1467416523
102974249
1943687760
875335517
1672588548
2750020134
1335297419
1704181087
4022133322
3066660195
1525712846
3585971266
1410515562
4292049055
1161238145
2555682129
108887277
3880373912
1542315614
3553796056
1529831515
1991349564
1536494705
4099003890
3555728750
3926784233
1588581816
2284127901
2255618173
1028410205
3419180005
3168791436
2694843673
794523099
2418125029
3718985159
275297077
23873510
3039614050
2879238514
1633479697
1892199368
3277972732
3684259218
228479919
2361967505
2424250039
2772273235
734836992
4162887929
3261201760
2705879022
3717713401
2162853204
155024923
2191221614
3359040157
3430834847
1206385929
395384715
1234575840
2445678914
2647701544
3718613459
4025188207
1945578897
2734614926
4097372744
4025765659
366376281
1641428449
2016277424
1175529632
3665533963
3073843510
2927832185
899128183
1337374578
516371982
2247002688
2491436950
1871133574
2589861139
901033528
3358723374
4106616948
722209945
1082044632
3295900458
3132275102
3428622627
3324805260
4044252961
3422617892
2976893763
4267899015
4292018965
2461867148
3337342668
2925664813
4246442456
2328430461
3358835356
4284958665
3778521939
1695418962
486921637
2232254449
1388250867
2754795471
2210769092
2747609763
2046948535
242171216
774541670
1548030648
1560646392
71629845
360850971
2837972218
1453562202
2423221189
2446656366
245439879
2668505737
4062881945
570035270
1270423735
2940745644
2361189891
4094035215
636966871
456081641
870784356
3582432581
3886131928
2831158583
2870451108
2950900658
718087213
4225716600
2215863785
859256130
3286908059
3047027415
4072293465
3364788085
3625462193
3202066813
3387071808
1093226300
1622367260
2121193203
41379619
590839374
4010197073
2054499338
1743900414
1413605912
2107459134
2491722263
2685415916
309487608
609427378
544026314
3603334039
3674620423
2192021240
938071237
2347761433
1440477542
2938334553
1779699321
2293046123
3289867023
3005674330
52948290
3692092520
3891730903
130920192
1897834190
2049080643
2162373705
1342046025
1118825952
3621880510
687067289
3652189649
587846247
4218339250
3686417983
448898760
460840496
3852109258
804537071
2020557976
3841457369
2210750894
3479917060
574416124
3706514235
4187526135
1333480556
4183583188
1008315633
3308141770
200118849
4071664056
3663409100
610765656
3765274979
4058605304
2413168201
3303424210
4289292065
2476133794
2087153484
2553432585
429989420
2802841346
1542826216
1138381577
3492851209
583016653
3913754595
1496823211
3562582469
937679233
3909344078
3057352837
2804835538
3671644602
1870344226
3221554620
771446196
3656388958
1094344053
1301710965
296963686
372801411
3392243096
2931686883
3686799671
3232780940
1096248441
718680876
1106913545
3812147517
2754210172
2638941733
3060772516
681874805
3283432782
3597058013
3000947148
3996475079
653758975
2541129738
660383327
1277682941
2607196995
1045993451
2785243606
442314054
3456245096
3284340141
2143734220
1619713610
3569000258
457473984
3104780396
1411412302
2128968817
3952110160
2754522793
2434964629
2217557911
1504604490
2365175733
110757085
2371906520
1060159515
1974158202
3659588365
3182599633
2852563056
2018113840
1217371210
2076829266
1156119186
4162086514
1088002288
1958320535
2892848705
2790711221
1214045827
1128395363
4117081540
1543632389
4041875862
423535525
3243022796
874432542
2807006629
2849598403
3171791754
1137998756
3709169917
329476014
3811330331
3954425623
3248816629
2940312649
837248035
4131397041
1679090189
886255542
2975373112
2649213479
1955730192
4257124417
2192655518
4191900536
3642447450
2384794345
3773211335
1587101048
4174970222
3252870556
2888015161
3468757633
2573764177
3649182515
2012646566
1150823184
690819740
2517898667
3953160775
714995060
636696574
1392886105
941137558
3363711051
1927020626
1860579949
678219901
130868731
1358420027
512756711
1809229838
54648959
3119268960
2965592475
2531343156
2305527859
2780708756
2348099978
4146407796
584415757
2027767300
2449662449
2188215864
2050686100
3845576038
1416402833
4091525687
1846654274
2484416187
1780055225
1416718244
1315837222
1264812827
1760691593
190614949
3574422898
1093856783
4089024607
95110296
1349971925
347507140
1626290165
3666466975
3046393007
4167016701
1143466417
1945609125
2135322131
1784394097
2058142936
3334374700
368655140
3689535550
2867334245
274865626
1923342846
4099782788
4163394227
767699378
1197720745
3146805195
3798487865
3405172801
1844941730
3583460857
4239605776
2702738766
3951510345
2667830974
3123225365
3529027583
1632743031
1801440657
1799852209
1950100243
284994519
1194431711
178492236
1962735813
3392546863
946449701
1398275068
331466789
2939387942
1029362617
2355174868
2852205897
4289321045
834400674
3991630390
230094661
1131297110
4291687194
1667317227
143654872
1244224939
394460812
2557742248
855679650
4253374060
2048045111
2297384698
1413085791
3017115590
1686864961
2875817587
3202208400
2203616874
3029477568
361364799
2716855312
507862216
1132822477
4051210050
1587333407
2675588072
2616324171
1533207105
1245318487
3076603287
4241719089
4101612588
2925096358
3646008122
992775284
1947909204
2789580253
567203770
3243301989
568722656
894255135
936748212
343240545
2095391715
4007608947
207012789
3634643612
1544016753
2261732908
4208484816
1469643808
2375910691
4034795866
1207590880
2418380320
1268669881
2615693492
3108747019
141218346
1704882622
1097291655
1090985588
1373203729
1911361543
2347017228
2384996233
656736699
4083292385
1935235089
1545394818
1545638300
4223390227
3750233655
3886200388
3305893823
2800127741
2968693489
4041793625
2037079553
4140833429
3214944057
2337817787
2348641212
1937966701
128913405
2602565872
2219370580
2684973666
499225182
4170076666
2323521188
589893388
2700311300
1824283063
501374637
365658943
1564068168
33641424
1465915493
3739029696
754136959
1486776257
204322363
3913760381
2554456183
2214999875
2168323224
935330713
3943117613
1022417061
2159189488
1835788553
1713560176