2068956922
1523250543
1775563944
2240110147
2767965345
4114005712
3739961827
1563956620
1074341581
1393368173
1177382725
223094705
2343055069
3703478407
1811402606
655470875
728994356
3287551620
2178276489
2412120887
3132547352
392362936
2896871857
583057828
624093575
4051606337
2217561673
1366950696
1677069258
3596092557
372027514
3280154014
2126421509
1726459312
4176346047
1264130317
1669481226
2164812570
1921012046
3232780330
1152959176
3506890180
2752342318
4211021418
865274283
2164013378
2425462660
1165440287
3126301974
3316503292
3955425271
1407481672
2740683831
2762949792
3520294003
3004359128
3443929525
3508457283
227966829
1204691925
1007132014
1177795312
2622414964
2305585549
2047850866
4217416029
366291835
2706583206
4278072695
2892843310
3315266661
2953012331
323965166
4268931980
1215665969
2713592840
33202720
2785994362
2680018300
3561643675
4038532503
3676494980
1317143723
2494797407
1241710242
3197770940
3614731165
3171570076
4104077248
4276034241
2110120773
2783764557
4106407512
3484836516
3997105388
2030402384
2520189688
3351044493
3137300490
932300445
1121002057
4288221906
4128204204
2630111541
231234920
52004402
3240931755
2539580059
3031176156
3134779443
3859923492
2028055222
1552692356
2023176742
342492446
2817663206
1779475845
1854792940
3603935587
1355871320
2513113143
4037545926
4232372430
2722639675
3200218231
1141782525
4104139742
1807878732
2432024010
3325262500
3113552462
3481847927
860768197
4070109166
1044415004
409233313
537455552
3149920676
2440624934
2404386403
188925767
3073340239
1043936539
542678340
4233165498
3414647447
3313217267
728620325
682696550
1267370835
1117342375
214312199
848876195
183461133
398561677
1557161028
2691780860
1446073154
3629633506
1718307706
1832074813
3212552606
3803986298
3418438339
2605582969
2123847590
201377500
3733929921
2542898453
2203662089
2619179666
4116753804
2523994326
3870637694
2084426483
2231213811
356893202
3874762462
3720626653
2258360513
379233475
762606323
583678419
792519363
464435347
1317489001
3102089908
947602994
3325572432
938109274
2427990992
845609336
4236533203
4149908945
438183833
769445157
1689405757
3707596300
3566811034
2230369859
676890252
1413412943
4219206085
2760922776
1221037007
1692124366
2799192555
3944360914
3656674396
438466742
1452238193
1827139408
2257669953
1488246173
2943788386
2631084116
442873417
1847197301
850150344
508268786
3892442018
2950769029
1240539710
1776449267
2120755098
3948324663
2032535044
829566132
3854571553
1936045370
3929974564
1793788884
2583144247
2093830405
3184109196
3928376716
3759958396
4178931952
2004773541
1472674347
145337090
3340106840
2458529167
3844334810
2686119207
166498724
3446091049
2232466734
3972850006
1674878834
4001240332
3239127625
3891261366
3321506420
1947174178
1874917111
212521461
493855299
620318439
2195498354
54254103
4137726993
3127778184
3778857981
988346801
2261736815
393763170
1682385554
451590420
3589939311
3660259708
610341890
3787364432
4100756068
1325805601
3210212907
3694234669
4038545550
2382705764
3201491839
3575287015
1318074650
2794959684
1610468794
1338682520
1114356497
1583935260
2894088097
1867007328
851848073
741780046
1455745583
1237516204
3781411965
3408435746
3028647280
200126128
430444371
2184074155
3972393073
836794741
805817275
2937132392
2813628608
1663518016
2410142811
2214171092
2487690801
1409554842
1496399169
30415408
2831923899
3805086296
2061200877
3283554756
1484265794
3077009827
3834594
2911843632
1373579758
641513822
2550697800
2751992868
2632472313
3363484996
1052792791
273608673
1455117505
571681784
464038548
4189782289
66381957
227256194
910396713
2299888555
504003566
3769410777
4142441991
71117574
1503126081
1069458635
413039606
4006013923
32769501
4197245127
355987286
22208385
1563159297
3043443233
3646541638
2100783041
2562960035
3029091768
480002465
3811822129
4056847191
2524502168
3295273640
4100024527
2359754478
4169767952
1787596923
2348734191
769026768
2437447954
4196131170
25011623
3323687428
1331593466
2746314452
3240601047
665022110
3894421163
415354405
3857554590
429654801
3589873540
3922427121
1056793394
3939482607
4237227193
255348007
816967351
1675811035
318629093
1231340269
1009336603
142940918
3590019214
2475576557
692442444
3694076418
3943742180
2922442086
4215514749
4177515529
1925344519
2811795952
1778335380
2856247575
1773587783
1901581609
3885675370
1204550120
23637600
3986245811
2172055316
3071562457
3361523483
3668039278
2699397217
1449507426
2599006304
1417481768
1160172078
734929280
2979513384
1507013799
3716210579
2718653700
1336803154
638511122
2608109505
1614661293
3480601539
2756240373
2059010889
2657503931
1946329504
2453204545
3798267330
2410168386
2604806828
3409148546
2276838419
1102021809
2843322124
1738823410
757537890
3954264992
3636732487
3354894634
3400420574
3419041045
2215998330
972087628
2655157147
2631259821
2795846098
2125029270
602482589
3281474466
2121251411
1562735215
2642643259
3134508024
368741516
2987544159
3753564054
1553249171
2876368891
2481706287
2148028907
3298565739
204751295
2629009272
2003693975
4013169087
244869702
689878299
64753328
1306691946
1221915099
3512313911
3786760053
4237733519
953839878
4159982962
4016520314
2662475335
3251869995
781944261
1848631478
416325435
3247133525
3822520423
3943153615
3407081581
2658193372
3256159377
4290864983
3623052963
2054849511
116698541
432602805
3071819658
2674621804
970225078
2752442424
3184042292
233454008
2229325126
3409951546
3723948477
1490373021
2133743924
269523371
2047079393
641583207
437933407
1832791122
3921157007
45643734
3606432758
3077844474
2686360440
2514617615
4231127862
60097980
449008725
2808381605
2528289159
2265771381
1245078994
2742749240
217400598
3751285459
1280085295
2654952688
52822726
1751001558
785566763
2278356416
1693249249
1335880511
3781135791
3521562487
105576597
2576188942
638776741
3435426209
783317443
2555111030
3050045912
1709682065
2524369802
4142695292
1547055399
1170044110
1796256343
4257464670
4020877411
272137805
1813084740
147930932
1042366386
442965651
399856826
420534538
1559412848
2721412430
2412088582
491025858
1028716932
753534784
872829445
4209660797
489866879
4007055942
1259192666
1805885339
823600338
478316496
4055097221
2989520021
1047236271
2184793501
1111566342
3807668901
2576058469
3524895741
3729993637
98548740
1079419814
2651345088
2435364600
3195625230
2467326095
3557027410
803079642
1238220352
1817597949
2051157052
1726365687
292371946
3480406452
600530400
3736539893
2179155544
2605171572
3600040600
2336127309
594952493
2533919874
335044817
4125853897
2199245291
815342163
3373121254
3679820565
3741293527
3940756215
1732683707
3377452343
261898351
4167088418
466026359
3874699644
650596657
3896340499
2631731271
1893571169
1337142033
293535664
2871292975
3470031285
1244635058
2040196599
2190574449
1501730548
556031011
4043332346
2390284084
778971272
2542506234
1656952784
1215452553
289817008
2163717056
2706494063
2618755799
3769327198
2149317962
589638330
2826783387
3227398169
456927018
926054960
1132966573
674451709
1047320813
3223614612
136365913
3662047496
1224419692
1858217609
2435071232
3638577020
2509319579
3121551539
662457534
3832212727
805037110
2388911044
2625386266
2544701203
347985787
1202525624
1472188572
4210085756
2893922644
2967558640
4007997160
2662069319
984556046
3793876018
1298374083
3176716948
3860192306
3460070007
1048155687
1111998138
1998617321
707017693
1744811592
3527079404
447882378
1126938793
3077057404
627488905
157313881
4239249952
4176047945
403923368
2017081019
3387336668
712891937
2275539466
3109631650
1809760665
2536492201
3498834800
836225748
1484113868
2853490714
3388895390
2916656858
212815390
2565034628
4282576826
2293946725
2053011060
292717037
3357504529
2411862630
1992915755
2606321724
3480828354
1650886122
1164115240
1447587336
3199747667
3740536262
2266966720
4035145127
2270655689
2334506971
3151950970
256201068
1977260157
536112116
224086049
3982536737
2823461182
346262509
3952664816
2249803887
2496826097
4139102692
1460754915
3818992616
2998589139
541968041
3866221799
4193843509
146787238
2421929606
2780906249
3875562522
3862269982
3200497104
3332811265
2658290250
285676831
205871417
3331642227
4126572060
3134951800
3438095349
1631196649
3811262069
3078010126
2385241086
1558346374
2045450674
151406587
2493061570
355086870
1090682151
94243281
4009485327
970001589
65254433
193291061
2442263285
1690718703
1560991019
4247292361
1444670851
1482450478
2760788150
1350659653
4285754483
3585849008
1614616966
2504271047
2980206993
1974185382
4204679049
109934271
808844386
396767525
1878143281
4273234817
1399495042
1902894822
2853268047
2536167473
290369858
3221734988
664207620
2667170756
1391754662
702326422
1190128097
805002376
3298733850
2891401627
3439331316
1663033623
2573629135
95547124
139948831
364574659
2321546236
3534761756
3681214226
255576191
4292397940
1506199810
3076698482
2206910993
2022809049
1315210415
2197404504
3358210835
3558156824
1379060152
3809492036
332208914
3716816104
599670104
3362971507
4203739998
219693641
888454384
2145936861
2415176124
1468212702
1242532874
1708986970
337218137
609405409
1214622926
3444580222
3780433552
4015791433
4037455622
3624327873
4005055493
4262662383
1324766871
551996882
1079912060
973941770
3317506768
1075348849
753636578
2704598914
1230901326
2816602257
1385999123
4169421694
453343278
1475335482
589550735
311219747
3317209568
173699499
2887690446
3872154820
2806769956
253576530
4245318503
2030124175
1237808634
1794402682
3170940182
3139747205
3467878561
219923007
515537923
3993313860
2486165342
1587153024
3852951358
85996469
4030765250
3028261653
3868373186
2346183007
2662604980
542407584
4113052011
2573255698
1338024443
69708511
1137179612
3264609304
4011981556
714444207
424099101
2810482025
1038670953
2134868059
1448467746
3011716441
2394647925
61237072
3322627819
3459312679
2486568530
3371777153
3810613442
3671061705
2180715160
1300232882
250249908
3077054446
4207979025
4273336490
3494451474
2481705390
18441867
1323215168
3640696253
835808113
1701550085
2590891404
1738390155
2542186545
3586871934
3212921382
1210992805
673341939
3271065848
1882684121
1636854982
1335928682
2384718786
999391923
553524190
440906855
4232814755
1486254219
146042371
2795966385
3510639654
1560283580
2351297336
3331686107
859804370
96419558
2230054471
1522999828
4262009797
64915374
2083024104
919593090
567394431
1336844486
251671250
724403916
4103177266
4213837631
3551363136
2112640743
4239570379
61126136
4028489968
1658649742
3596946137
4192961264
3798070265
1158175133
2146165204
2068337680
1008802737
3886003330
534156097
326959632
2761620307
1088126091
3076429912
2887568704
2339950407
1375546433
331454476
2289225062
4096026006
1776316680
1201412347
3994829806
2874314579
312769461
1623857831
3234460002
3982286081
3576523289
1717921429
1122862945
4263734298
3338365346
1012303073
2132455586
56341618
835428003
2350202716
943947217
3227566536
1416944253
2552937416
2951210473
743876574
3562615676
2662604522
1158401181
1707813135
3476055781
4294448560
2616751181
4255437928
100559664
1259653173