1095076255
3087585504
514237580
4011450167
2807573110
859063042
3308590720
2563904176
988721248
2193660954
3574957723
3248367364
2809443028
2678857287
1862516277
2866245852
1450436550
35380610
4066055650
2208882649
518715047
3115399613
3485667976
1293168247
2461358977
300455299
4034087748
2406309099
598825569
3230863516
2924234241
2011259194
1700244280
1524751673
1088060526
52565917
4143696134
967382363
2647226892
3868668376
1331000556
3542175765
167910646
4118332996
1718500955
126597747
1857602781
2496052735
3777396180
178891379
1107261455
2125678994
459096326
1159877515
1708946572
862171395
1771061492
709598227
794415231
3786351224
3431565109
1497559742
1335457160
3366796527
1672406186
2517489228
444481250
772928402
315092074
1542176567
1683320065
1177547274
2012728551
2003306138
3305381462
3632732327
1718480029
2713136182
2604242074
4267225337
2199143161
3956840643
4139081844
1198038438
2546370029
592094753
2274422206
2636274761
3970885525
4057237974
2382641931
439098789
2630011350
3947993247
4253543415
2586340165
1998896527
2526259352
2162471483
3747779968
1243982885
3795451431
331182137
3585928934
1886683072
1155653978
3956589234
190375370
262814395
2025511776
1302005941
4132760749
1812223162
3838359924
2565483274
3483393726
3058453458
1718468092
1656433744
3233972801
895151676
3009868720
1197985102
2872620846
1426658847
1593149393
3326198710
3888745615
3237547401
309182661
3088684091
463547237
4130556018
4050475102
11309653
1266551083
1011007501
4061120711
961673996
4269450044
3843120805
2129679081
2559304223
1502304146
671307409
2838104129
1651323141
921499326
326469733
1133722809
1876602865
3287876071
2115171076
2268065615
1300219419
3431935195
4018245593
970162082
3983976123
2220452561
2521723212
933781868
3154317815
2970051762
1906262467
631590763
169391589
461626455
1927476376
3433724820
396121909
4010709024
2508400262
2200133176
3799344986
1871445716
2120940904
793283839
121558199
2270730322
2206526624
74212762
692215003
2400662946
1243094430
2076516933
4213680114
2169413979
2072010077
2017915610
3420241513
767774839
3417111947
2540648596
4093864609
1433662315
3915712108
429203961
931433846
3627599870
3012212715
17916907
3922688052
1144456127
2293005991
1377859556
892616378
1220181080
2132135188
3460244907
2120321141
1283149955
1526864728
907447873
924889930
1168855126
532158729
1994695629
3816889793
2795297092
3266418577
3806345132
466407702
1685811396
3479536878
697537239
2797839427
2913603727
980521982
3282225056
1767941721
790447979
4128680576
1736348890
3128908106
1265519525
2776488098
1707117685
684205558
2048692902
2476478635
3902259755
1104805641
3450226348
397001016
550788171
2064721012
3534505920
3228435462
1141256183
3784412093
3900879649
3285329690
2480318623
1740633478
1837529848
2043952594
2936741940
3030365025
275042898
118009334
2432194781
1830576631
1309124223
1429354089
3069033384
2116158482
2737123402
2526837464
3198734500
1368776584
123817169
2901945023
2742023406
1766083591
1330079657
2321469128
759778459
1207016608
3701035984
2089180545
2844138608
4070781716
2844661133
3308599477
3847490648
4002297355
4024945358
2069791184
2338855269
2013366076
1895112782
1758157284
1002908210
3690042077
817766394
5010607
1934661071
1692318520
1329941927
1004703623
408931011
3326550615
1279373583
1994459062
2934217874
3828189071
736086488
4049408537
3167348286
3203601286
629800099
2914323428
550303964
3007067326
2051183817
1105483824
2131208189
2589502147
792577983
314669941
992792704
2655824264
3398730889
1481303326
3420294415
1736406107
1806825646
279962759
3164848975
2122434953
2355404201
1792350583
490441517
3880629999
1541287432
2783672893
3638278813
458032220
1108206319
4294452271
3695682342
466633384
1417096081
681060855
262692930
1981981595
900376914
1629933387
736691471
1726887741
3367246248
3394263158
3448957098
2025691325
2743061151
3265993451
1649393118
619641833
4041920369
3200913853
907735574
3110569202
2459118407
820525732
843856756
2305830224
259940963
1326583553
3901492354
2254670895
806346343
3005089621
858899299
3893102909
3602906741
550278100
3736358301
4067243952
1229453554
975059302
643693415
2174161423
1193220929
1620163927
1697350847
1867085177
937253481
866004462
2117001663
1151995116
1732029452
1973920282
2123504117
2654940810
3641173486
98270482
4014435054
3244508983
297931268
3167383723
3013822646
64381202
884926052
2935003703
133718053
2127736785
3626822545
3243889895
1256682342
2806626330
1432467061
164241590
1978547607
2589292537
2994296302
1033458843
1591531867
1439800271
2418749304
1261280864
2551421897
4282972628
3106616261
4105792086
2616284920
1765026873
676738923
3230469382
2893908682
1710097996
1130429347
3140096282
285239990
2676418637
574828863
572074283
4075565459
1322868010
3026249099
2259011970
3497180558
2242763955
2342326528
2331632308
1865243747
1324312068
2526543625
3186679201
3817591551
2656523071
3892446057
326117788
493567459
4216338943
647852263
207866250
1856464168
3084839152
2612357945
3538087128
2216096218
2054751756
1640518935
1158781853
1587150819
2871766573
1128666611
16464224
3866103136
2133008894
1493943025
1618459546
1521814376
3800334273
4052271137
3344622683
325465468
3624091130
1406010952
1720214888
3949863076
2364856763
274972575
4266117811
74121972
3987584377
2776436333
4258325173
3086860162
805422323
2678317855
814206503
2804865517
4261171301
883015937
3263001213
779919613
265092993
3169851269
69812679
1870110076
3696457808
693859834
983599781
3617368269
2319301279
4290613345
2448250833
4225950690
1776558897
1932460081
4248557998
1522018718
3712790246
777950793
2511060748
906259798
3769473416
66545882
965546058
75390315
4289949309
3166211453
2094590326
1568534236
1428190018
946265681
1242032174
2599936400
2060415392
2042332775
1522917983
519248889
1855137342
983115166
3995038407
299574203
4187623072
3150723437
4038795764
1988685964
2683771567
594481066
2604322278
3636416748
2671062024
160789251
4108603869
100191617
3672302443
5893528
1149548833
1567772608
2339555815
1902943828
118939677
2800951212
615022213
1214294792
3417618950
4172025146
1125497939
3249860559
526204907
3725806070
1352044299
1199479204
4288967936
3633931683
989592822
3783922439
2276903180
1675728167
179920826
2764701620
3992709708
89151173
2609619544
4128022116
2787916810
3340814678
2018199815
2838184878
3853215105
342510142
2130183519
3786212428
2142644906
3479202480
2753501134
4169670540
775537012
2493447946
2819009658
3789538185
2835724509
1317061393
3762378498
1651480466
1424670520
415408351
1805908291
2661711996
3215571999
2173203923
1658174558
4005528407
803858782
1807023241
1097034901
1116007598
3122565909
1341100959
3674189543
3247322638
2820646182
3168146082
3242199322
3027041847
3133213994
1092511787
2286200841
654159013
1900361459
3871106632
2890623468
1942613329
724856763
1904100738
3374039428
4076043122
272818782
3911926945
3450380360
868944093
3466735157
981473395
3758558816
796267381
3479693352
3235184040
647168525
607244065
592235027
2966010095
3563149400
56706137
3474409833
1330821199
1579239011
1930660481
2333152219
2611896602
3741641479
323915119
3560166998
2327660916
1648225031
1259415027
2960992991
821806359
2129275289
1754920886
1476390372
935077197
1871767445
3378973096
319429237
2915854541
2705594963
996655180
247538424
1177591390
3347850382
4172476491
3543130866
4021343613
3660068258
1960785283
3640946865
2068147471
4019168998
3906227381
3983087922
2091594876
3771547185
559433256
3746801541
1878338216
3557127201
3294944418
78995322
213542213
823197794
209697739
2882411499
4164549311
95126054
3959368999
2345899473
218463832
3905603792
91255127
3193942008
2788321380
3398604491
3237176769
2425914078
278615591
217287140
404952672
1160985182
122663146
360549743
3829986544
4117807832
1358594872
2432522212
408509336
1066413947
1382683800
1132849296
1191321623
25229469
694903767
2979568465
2395321659
1741796445
2944752357
3279498690
3894093239
2327642124
3422114607
1715923559
1956499005
3446234332
99375867
1808870891
4018742674
1938924566
3455878920
375252328
1450739163
2678552439
1069609077
2953486835
3726263739
614769060
2656536923
4041082587
2003131792
3539969000
2760280522
146948768
847530527
2950452654
2984030894
991682677
2385002843
1579996878
219633521
1527104256
440609024
3526242107
3133296540
2308718032
3373151284
234752750
3199680076
2520000762
975272911
489673173
2587210773
2654777011
179779766
4169556998
373176744
857795510
2446508495
464845913
2906088160
536633135
670122429
4192285272
1672770859
3172047504
3675297284
4203982857
3603556130
794330734
4069592981
4171999684
2126622972
3756026038
1773019265
459088331
4217281801
3420418338
1818611363
2486333642
1140999341
3289978465
1265399048
1759993794
885705321
3432743253
2783526199
1713843748
3559753688
2554191030
3379458219
2926621478
939036909
2183342080
279615235
3689375218
1555878438
2810467000
544353861
377899871
2893100391
299315285
3802858546
3879943519
2507307412
1617989944
1666467078
743619162
3870822139
2143770657
4291599805
567251580
1909456245
2535678011
3582453894
2971995838
1074757375
1822547293
3356265186
1800367979
2019066600
3107632400
2965184658
431916301
2323878068
856602458
1466141883
727254044
972636456
1781035856
851589228
54869015
612878494
2662149408
2382253017
3586068911
700348671
1743950639
759044911
1169799820
1218691653
3563917094
2559376846
2232354727
3003028644
2507367348
4007973858
1116357180
1003488825
1177496806
913163641
2892315130
592661665
2453588087
1228439590
2808382940
1730640886
3115786956
1809333
3294221073
2197637208
1837708429
4181104953
3024184493
1020830595
3893002507
4016691011
3711619313
2200522733
1816678244
1525788112
441383330
3099308562
3436164030
194958894
218042171
1845834232
4278416455
3004129714
3793809266
3243892632
3326867075
807303411
150314063
4029384251
3205944751
3849644009
384296047
3913239480
3701857624
1371462396
4103581624
1279012125
640282656
2907044671
3996705891
2991809194
1724014274
2905166525
4019422595
846997942
3261210121
2447610405
942861107
991655243
1324822334
569792698
3388897927
2472712034
503309540
936835191
115282904
2090918507
966652081
1500733959
3315774349
31584129
799761722
3734393794
3396086614
3888068221
3072923324
3807441742
2371463739
3299696452
4268324490
2246398009
442876595
994475111
2244587373
613781712
836505965
3948267844
294680778
3324741716
882725645
1691161938
848492816
3800313710
2118764346
3851981314
2096088659
861389360
4134942232
2976787319
3869188219
375767636
3984055918
4188483620
406563247
2107324673
2296398085
3090587913
4020311951
2873741147
310493555
2094321490
1044482865
2167470714
3074176142
1196653842
819084565
984586393
3813965415
3080172960
4048823243
1048876515
1162672680
2875072389
2294742061
3259536749
477024658
2499898603
942095553
1715621377
275807650
897938490
3738486811
3583147399
2064208926
3552855385
1793023301
2971191639
358367159
3191180240
3182079920
3058830934
1051781611
178572499
3428300081
867798537
49519979
1392852217
3881646955
3195277639
1473167266
1380919527
2601635608
972074685
2392221841
145550465
4275352939
2008541741