3621009950
971900686
3685998908
1763259222
686502682
3372095332
619040792
3511607307
1659519504
4063135364
766910921
2637192816
1894762427
3208085574
2587142628
2838785384
157208012
1844710356
461916983
4203219146
2300977707
2491698300
21066380
1581007025
1297212539
2728134746
1906505835
4098682182
3078301432
2776126449
2767656874
4249230845
2081741432
3878559185
3259424235
1487732034
1743979244
1152660151
732146983
1232300230
2988463159
313981861
3909424933
1118726924
498378422
2123141048
2155398697
925448647
1402430373
4129921586
104448289
3012458774
657170155
2616818452
2299215750
730495352
341134821
3822075585
160582681
3136942393
727667046
3349122622
1885980839
821163354
791635652
1256178139
3323323091
3441791205
2211393319
2093824948
472136029
1781331306
1839384221
709445802
755180334
2591992129
123473037
800108368
3354878988
2721768935
3221172863
2751648483
3885630179
4043283543
3742039630
458515008
1862315224
2011857484
2245751963
2798578712
4010291745
1522431833
751764959
1774866633
2851012013
3395144952
3594021571
4073879715
2021678035
3319739350
2638366175
1605131303
3320952604
3731861188
4034841755
361018716
2346484722
180359208
537991257
1435277894
3127203326
277575184
1204726564
3382598937
3687264919
3964033113
1597431241
2491950969
236499833
118910389
685309008
4090722935
4284148559
2436654567
613132838
4080625194
1671914880
4288743738
3107524866
1983842587
1568172120
1104420755
850624716
1227530069
2367945605
3858671662
2446311408
1333573373
3113585242
1931584654
378021879
2767995497
1414017196
1946504768
4050629822
354584702
3307367179
480010173
117305486
1903166420
3960017668
1851597349
479782022
1032507210
3888824430
4254135639
3788401187
2889884011
4073729319
2814739397
2481969795
151732247
189356623
1338470062
3139368533
1941768868
387801175
572099346
98012490
313699609
1327608901
1602843073
1474389042
3650197540
2911355068
2366507876
152231578
809795515
3859266122
1677913139
535366382
4000372865
1317885501
2669820255
1136142489
2118554541
1462651629
1486293051
2873622284
3045043169
1657257
2645200763
2460566501
1882014228
3376981103
1172195631
2395202961
1003246710
185718302
3887687935
3471934496
110545327
1804323568
2547013317
945014193
3984748881
2427569838
2912650313
3045467028
3298286174
3173092636
1160579184
960490295
598316582
3456870248
4219828285
1843621002
3818088738
3767637752
3309745610
2857119670
3332705002
667882325
1739160804
720289600
2638897358
2273969460
3381681989
3899908805
2172894246
2668169530
4291184969
3858034745
3326870392
718444685
2179970559
2854279859
3280517999
1943450553
2084110606
2294783929
2566919319
2948560530
809162334
2771819922
3507900602
597768716
3569092454
1834979454
1433154748
1240780455
3973476933
3170683739
2705781610
947571300
3361577624