202024476
1639068409
1027902934
3964723699
1214606397
3524342886
3969079248
3410064766
2169796773
3027277355
2005040244
3452986270
1697604741
711791928
3389808790
3445903356
3547014183
2944508530
3164104606
272520113
3683880746
2300857534
702850812
3593120662
920346612
3487977129
2466767190
1845901762
1993464504
3175195477
1527615164
2406914638
1210123693
2733457109
1234400770
1584935913
2498136397
3509505449
3432669311
3612974555
393200854
3788594273
846460912
3761309533
2473636638
1813491274
2695079983
3384911983
743320342
610878373
2491051210
2425401691
1472480794
3674210191
716041969
2106647272
3465218782
333390313
2354594465
2611651255
2447180393
308135344
1040153237
2031693302
3257697452
778496646
4276127077
3877050989
1044331407
529002310
2152254983
956957433
1355234793
1987728793
722044293
1272124611
408925745
968448691
3631649041
4107423237
3080469121
2638518788
3267311180
2241937053
1667432664
755573649
3690261741
1763897973
712882604
716951025
1696199560
1107255215
742917858
153544426
4022711150
3111967319
4103862802
3673960739
542680960
1629048245
2363102643
1874756314
2704196134
4215228667
2725845787
2024783572
2553800472
2435723471
2307038282
3453816682
860583466
3699449447
2357603979
1208147171
1152704022
1660058735
881644474
875336205
3402334906
4265960220
643329166
592417613
1665277973
1804571616
3623505969
295148152
3621280533
4199655998
4229039674
4130168423
1879971124
3715240887
2581429738
1948587751
3585528989
223006779
595116770
2558653230
1824512721
3911677812
1193686031
385498961
2559200975
4040198790
3873132844
3018134918
1985845991
1965622554
1411101867
1530795081
2893511933
3381708720
3532309108
1505041882
3488929966
2340895895
1335627162
2003347193
4231985082
222948205
4280752332
4201147130
365833200
3555481214
1382027096
193879989
2397846094
1963691898
2060805452
2318348459
1448696106
257120394
3073293532
2072867098
4119548909
2253351006
3674377064
3942580343
2765990922
1002394892
3769056458
21378180
488435193
1466819614
896888808
403892238
2670632694
2150942712
3418993931
1052721205
130574677
3270724584
4081494824
472214355
3403308225
2826915939
3736839919
1737471954
136328141
591010106
3738912839
2682355696
146896993
1442253377
133480081
2060393947
785105175
2141289262
4257477846
2334316639
2746158872
4221505269
3383413915
3920815442
456923516
3515888458
3951768160
1960578922
1388831861
3569612043
4240565089
3265916690
414481390
3239446840
1166837881
707679309
1297439565
2314081895
1344130620
2886680715
3392375721
2945494277
118301717
2079654192
438058262
1199370718
1143156507
3531034055
2675120889
3378491596
422289892
3362791814
874142827
2520099447
249586339
1307529853
1424025195
1603115531
2203160669
3910173456
2805199481
3418638654
340387063
3056112811
3754628435
2639290965
3999311579
1135159891
2785263702
2689573583
1680657462
994529982
2649397603
3969531755
366483708
1976301351
2790257310
3393418661
2267798403
815394235
4223973323
1134658933
158972513
1714202042
643539808
835697193
745457139
1715673482
221641058
1216416805
1220259910
311469150
1565994897
2659899688
3588147397
781913505
3374216184
415870277
1075144566
3565849551
2392124812
4197984071
3153142503
1525388294
1325895255
527055413
2775041251
521027161
601084006
3242732751
3056195874
890298066
3949696887
3208592342
3451964978
4176218818
821772393
232320419
701288653
3914397918
2608389656
1190847555
1408588920
887432260
2236601927
2532808840
4039176580
1760276226
755977284
1035829052
260980426
57786727
2470197051
926221510
4254273016
2454863466
1494890490
1365695129
2653741714
3922988013
3998666279
3175473658
495421118
4050109594
387947057
3221682621
4051807731
2192191419
2147079069
2655666236
3500706202
1968251841
3000677873
2427479772
2053103318
3521865063
1973798924
3269194864
263514331
1840214922
3655235659
2546827480
2166445224
2023625185
282836274
273471594
4285978553
583111731
4287243910
2282296759
2106071748
669723357
2507471807
1694244899
3560435454
2564016726
1233372948
829692480
3264470672
1404178616
1863950754
3091030395
3104497201
3453051229
2264298057
1359387720
164672870
1049649708
418481656
3056682498
1007132162
1701640319
3589774794
2440876704
3991820847
727426264
1451306331
129047791
1655738275
546714495
1193675314
624547337
3139799322
1261350449
872554046
2675893156
3058774262
904612317
3449804497
3413763300
1779055113
3934065365
3968562480
2234336766
2876875031
2420753089
1629706529
2407351408
1492829122
1254096175
3282015556
4197697073
1192482483
195736528
3966851146
2253502093
275414084
3543705476
339195897
2312450611
2121401325
1070346405
1109952141
4093873744
1744459163
498905609
3809761095
604372745
2446326486
3338881384
3322778273
219725287
1769217533
963939015
4261899756
2068306382
3397334019
1050639440
16869789
1187515324
2070533598
2132218159
3460194875
2533398628
824749286
1279335175
1968129148
4232396404
3982335960
3053277990
1768387848
4097388647
3603605255
1771891563
1390569537
1060976280
535511921
1215047540
3053143203
3998346318
2768561594
430139005
2781429089
2845890651
2286816125
2120799560
1941471255
600740567
466147777
3178747427
2159736048
1261473861
3976268898
1373820667
1279595039
3112934841
589321333
1885753029
2011117901
676015738
1445043446
1089799620
1409094350
1261071062
2370775355
3216860079
3886225471
430864598
253269568
2761919430
2626741799
1651522616
1238113296
391854153
610155588
2370164700
2831702968
3688434994
2156818299
3497464959
541519427
1121925717
3062084872
2700011425
2451217331
1242171665
1076981848
1338629766
3314974669
269188853
3933820305
449773952
4206673702
3264693914
1328226552
2012374171
936550513
2240190608
801994843
1837997676
2570944197
3314826233
1340421667
652374917
1575271152
1154691806
3950305165
4086102079
2123811316
226305909
1337356864
3618044226
4177995409
1008857278
1173267826
3187108594
315601182
1923401740
2813146248
1435936017
4245181171
1428953358
2388397578
1379812227
1127255666
847760243
1095433032
1182479317
2719733304
1837213914
3451162785
513743359
2812331114
3235425635
2609392509
2536258630
1376181882
4222200290
1760867288
446574410
1171584383
1268165265
1835450201
3576500988
3366866130
454997497
3511155756
1254710177
1510793139
1203380793
1834594688
1466684468
3619892966
2171241028
171262492
3394203312
2462308426
3640161618
3258680295
657107415
2852067801
756042674
1714624318
3026683445
3552999273
2171471033
3445302565
1282952617
2247148885
1602311465
123263008
2517722095
1287379599
4123210259
1522393288
3457465539
3318437873
435470538
304483223
2149654630
2423030253
1036140716
2107853738
1083458640
1337780199
1553126051
1791654378
385331086
1250909655
1854712625
1839925024
2581705338
3237116384
3403354342
1554028243
386136591
3813425327
1851275128
2240385938
193281741
310890290
1626172895
127976687
1138679856
2060576994
3909393566
918615991
1154062757
2620583179
1602524573
3949291727
900038520
3990828821
2036761506
1191864449
72288779
3116823564
4287198849
2497566409
388463793
2536935348
1388225346
4076219664
3709063962
4294299941
243062604
2040146524
2149389482
3327401731
517651691
3027685190
1044715628
124725017
605948919
3477537556
3010319879
343057281
1316490384
1556990421
4133683917
2300968153
495386899
3805311960
2445814145
3001333932
2057394999
3938363129
1128179028
1203773534
3497861957
3665596138
2051080855
1789262188
827570241
2410066660
3476241045
2900445114
1475889809
1624471856
2607596090
933657231
1953880380
1434901838
3994638935
1924139374
1451333659
670663501
3606740177
2591384950
1366652143
3269972606
666346852
359217736
3189244231
3778706189
2915731941
947118132
3833247403
3016744133
3536881861
714428267
121100843
1583199298
652041853
895156331
2646791017
3695805179
1680646296
3093672164
2889296838
2197837741
878065055
1596886327
3268393702
3940645283
778324439
181938114
905479946
834490016
1527905903
1061050855
2086364542
3838721200
2821673587
3374890860
889549780
4128695821
335693224
3987306190
1217656748
3947308774
280707422
2181642457
4131176560
2074347500
2915171363
1107605527
1204629234
448025929
3793290419
449916210
84397731
2772444336
3626728220
1271330025
1880147931
1145662424
265782006
2860839481
642142474
1194541471
4281960693
1819934570
782591987
1371162225
1244628313
3233623126
642153312
191513692
2113970715
3692585925
421394975
705895094
993856143
2385294324
1094162727
2150932962
3205836682
4214951950
2426026856
1379405876
1783847407
1835072021
88845255
904290814
218515761
308564472
3943369612
1186726764
1192365362
1590882532
1177347022
909828388
2143303451
1732588692
3132189215
1245642895
651290377
1693430918
2286352209
1183013758
3985832295
3117546581
2153831141
4260675404
4149138678
3802134670
3266397278
1707309219
193852073
685003704
3369772347
4256072245
1696462608
2440136366
1016057859
1413405050
2453934828
1617215738
1993142737
1250050057
1881050259
794972431
2777204613
1510779821
3689115735
4004081678
1225532193
317493686
3185559007
3262582253
2215752713
3604062047
3613839589
556537377
440976002
256751802
379044864
99642022
2976498314
3341767358
17771825
352057659
312615682
877280640
55078329
1162094891
3336153141
2069210050
3807409736
564143943
2402969049
2533814527
4280699090
1800205293
206617209
697577464
1095102597
2145620556
3934344424
1321036710
3508101863
3742185785
1961908016
4292329759
1951841684
2328070815
2062710304
3363359907
3712730857
3233966028
221839476
379258305
569001110
3082227
3911742413
2048395787
3595656549
1902895348
332311680
298101133
1391408785
190644826
158393138
3295818946
1589679423
2132963070
1528236765
893537478
2024370438
3208897269
2710763869
3141934813
529762501
3511278503
1423666202
701493835
918429481
1795881437
3720901807
2265108520
629740898
3824321917
2620264368
575868048
787302594
1553074053
2109863500
7842303
509391860
1267158930
2554128466
3723186743
2194117938
1365385425
1815827382
1112398069
1606157251
352026507
4151217879
1103898931
3811610343
3634961325
2521144068
3516377632
1907424887
190787107
146417351
4138646459
3179601129
3446495820
3407654567
4113867312
1279187409
1890716744
1210051507
1748164138
397584171
152323526
3151304473
251445227
4089728375
2050671426
2540351368
572933530
1769813499
926564815
48116863
792004332
729168802
1650551168
4226783998
1357959719
1726335341
3308696048
1494873790
3219157501
1345420439
2291764613
1711029213
375349067
3233610132
1575911786
2000373022
2709179810
4093973577
2569748518
2971340132
1191833006
30117700
3968517246
841155641
961918471
396002314
278422581
3840429234
2501762509
2425146521
2734321318
402995031
925006512
778802473
4174228364
1353418231
2619088132
3029014264
2924411852
2041749095
243726804
3315077397
1169693651
3684516853
2256062560
1034383763
2688755727
3994524267
436575916
1666580250
3190323286
1137297111
524252075
194026539
1105622940
1255982495
679681142
3326651551
2772654202
3862823762
277876077
1332409113
2643741261
1740044525
1913972352
4123015910
4134779572
2800341069
2573354599
154498485
2644115585
1882619337
575247007
53542009
3999739664
1559472709
2140812261
498788304
4055712851
2687697698
702168675
4294925834
2765951833
438248360
2490467099
3931220972