2691924285
1184736994
360941156
3781737222
1090200400
874840671
4180899493
910114020
250929484
3541034023
3960629269
365831476
4220401861
4053108469
14493756
3074341003
4189017345
3041093584
3419866177
2763828504
2146592471
3118594816
3293180416
3363194388
1164124952
3665833734
2180299326
2259731635
1648858102
506424584
3569950118
1274585288
2363055455
2982022649
1127012510
2997414267
1767008214
920342347
24066916
1885318731
3306595824
2970488503
1756679459
3393760313
346933443
3846296779
2984913151
2055390095
1671340243
413250588
819453862
1058058855
2121015234
2090443991
1037331043
3473110976
1890999385
593633803
3732097223
166180854
986282406
3812916027
3864280998
3980921235
856729793
4269529162
1968047344
4081127429
1688750739
2673472605
918307675
3481980876
1605747696
2728379926
1499161279
1841048308
1679605160
3873474654
2543095742
2091739341
1607354876
743699402
3745082116
3520954397
2075595291
486129863
3245755697
1704599823
3256397046
3971100489
3761538903
487857131
631507409
26329997
3039976397
287047816
2814252200
4081105801
3666002453
3261110241
4069055921
218551454
3143997005
3564315517
4061352603
464304720
1124111313
168385144
1427366927
898976396
103137292
4187770772
471952921
1959311645
1569365060
2799072905
1133055600
2049521095
2771470820
1827723063
799609734
3897501754
564113027
3462647223
796155417
1511998131
413514076
29443904
1021740420
715149012
246300653
4199069151
2868915872
1920736447
1830637258
1795641914
642250354
2871589146
772907639
3045290616
477419038
4129121698
811333516
1270396291
4104935438
2382976670
4195066853
3870038995
397499922
3188121189
3284206404
1111817730
2825704827
2109878191
3110321999
2019571873
2860885199
760850025
3560900466
1321204841
2244146626
52149852
3947687293
31798874
3930694563
2931823939
1389603364
1357296165
1328722426
2922740575
2483064961
437566092
1366123337
2640999453
2911449064
4205549563
3030734557
510708631
2665375942
2993852279
1986831185
4285496107
3900266133
1335162224
3280853605
2563680344
2190533526
1089409386
91962003
728350992
772424773
4238121244
2523776478
4112977623
819494644
1682365466
1830580373
3629948008
2162199699
2594808182
2681162981
1303961920
2707608830
4077494894
3625679173
1342645342
3036937774
1575097231
3290351782
855944151
3036077127
1674621202
2953399787
3811884596
348838973
3315074946
2603820223
1295958392
2508690604
3389187532
1451474988
2963264768
1834111235
2743546773
3277679864
3894575157
2851319310
358216612
3544964480
4064446944
138351745
2053855998
3296575205
1818983961
8107618
2291011093
2309040905
3693407342
3530271979
1706519794
2788022794
2047382228
4006576148
4125445668
164558901
4004659861
2048394099
4064339263
3132992567
3195151603
4059611414
2373936444
2538413308
663020497
1814614905
581929499